#! FIELDS phi psi file.free der_phi der_psi
#! SET min_phi -pi
#! SET max_phi pi
#! SET nbins_phi  33
#! SET periodic_phi true
#! SET min_psi -pi
#! SET max_psi pi
#! SET nbins_psi  18
#! SET periodic_psi true
   -3.141592654   -3.141592654 -110.541639011  -53.566979506   17.770268390
   -2.951193099   -3.141592654 -119.008442184  -34.788874323   20.080490553
   -2.760793544   -3.141592654 -123.658513817  -14.339480185   21.511747256
   -2.570393989   -3.141592654 -124.694558132    2.375792251   22.223971360
   -2.379994435   -3.141592654 -123.198456203   11.957890440   22.635433337
   -2.189594880   -3.141592654 -120.613712090   14.070430919   23.312711374
   -1.999195325   -3.141592654 -118.137536993   11.500169798   24.758058098
   -1.808795770   -3.141592654 -116.241052745    8.761886820   27.165725959
   -1.618396215   -3.141592654 -114.540184759    9.961037074   30.258463200
   -1.427996661   -3.141592654 -112.069154892   16.887710347   33.325614696
   -1.237597106   -3.141592654 -107.806557342   28.337483993   35.477645651
   -1.047197551   -3.141592654 -101.198121412   40.797630746   35.966757454
   -0.856797996   -3.141592654  -92.446363194   50.131246493   34.433497797
   -0.666398442   -3.141592654  -82.497018542   52.906358575   30.923942497
   -0.475998887   -3.141592654  -72.801476294   47.359963019   25.776912642
   -0.285599332   -3.141592654  -64.971738107   33.428158799   19.452471646
   -0.095199777   -3.141592654  -60.463735311   12.964740508   12.451895504
    0.095199777   -3.141592654  -60.204204350  -10.420833237    5.285126810
    0.285599332   -3.141592654  -64.266315624  -31.459149241   -1.513445659
    0.475998887   -3.141592654  -71.637754674  -44.252886358   -7.385181736
    0.666398442   -3.141592654  -80.280655986  -44.299888078  -11.802872383
    0.856797996   -3.141592654  -87.609484944  -30.712418338  -14.382200996
    1.047197551   -3.141592654  -91.320711342   -7.294979941  -15.003473626
    1.237597106   -3.141592654  -90.221743861   18.432600824  -13.895515724
    1.427996661   -3.141592654  -84.684963937   38.010273087  -11.574850440
    1.618396215   -3.141592654  -76.533206864   45.194494014   -8.642416411
    1.808795770   -3.141592654  -68.394084801   37.936929615   -5.555621323
    1.999195325   -3.141592654  -62.862734894   18.483458890   -2.496316561
    2.189594880   -3.141592654  -61.792691621   -7.864576046    0.601596202
    2.379994435   -3.141592654  -65.877552101  -34.558185722    3.890283478
    2.570393989   -3.141592654  -74.582840862  -55.502000847    7.435730528
    2.760793544   -3.141592654  -86.365126409  -66.356033787   11.128017304
    2.951193099   -3.141592654  -99.084407278  -65.347896701   14.690074297

   -3.141592654   -2.792526803 -102.565078431  -49.278928704   26.567872986
   -2.951193099   -2.792526803 -110.409707427  -32.561786020   28.617523532
   -2.760793544   -2.792526803 -114.816554257  -13.934260471   29.465629253
   -2.570393989   -2.792526803 -115.893129634    1.707084239   29.419289305
   -2.379994435   -2.792526803 -114.541921201   11.302490455   29.036258634
   -2.189594880   -2.792526803 -111.990348662   14.542050681   28.961671929
   -1.999195325   -2.792526803 -109.254082144   13.827678552   29.688152839
   -1.808795770   -2.792526803 -106.733079077   12.916817659   31.317028492
   -1.618396215   -2.792526803 -104.133964254   15.025991843   33.435799940
   -1.427996661   -2.792526803 -100.734665374   21.293211957   35.216561095
   -1.237597106   -2.792526803  -95.833432246   30.386194755   35.726004886
   -1.047197551   -2.792526803  -89.166284406   39.234509059   34.274129410
   -0.856797996   -2.792526803  -81.102746629   44.466710419   30.661570544
   -0.666398442   -2.792526803  -72.605283746   43.441104336   25.167162538
   -0.475998887   -2.792526803  -65.007437332   34.979552619   18.398539703
   -0.285599332   -2.792526803  -59.716573360   19.378511873   11.065955483
   -0.095199777   -2.792526803  -57.933262568   -1.358484526    3.850159261
    0.095199777   -2.792526803  -60.315057964  -23.611817624   -2.678176369
    0.285599332   -2.792526803  -66.678760708  -42.247863637   -8.067184060
    0.475998887   -2.792526803  -75.796403578  -51.674445786  -11.977299976
    0.666398442   -2.792526803  -85.488421666  -47.854721893  -14.206104699
    0.856797996   -2.792526803  -93.129232917  -30.481971599  -14.724226615
    1.047197551   -2.792526803  -96.487865301   -3.956240266  -13.702256655
    1.237597106   -2.792526803  -94.542817502   23.795772628  -11.504280941
    1.427996661   -2.792526803  -87.885220376   44.261571243   -8.589236084
    1.618396215   -2.792526803  -78.527112677   51.535008983   -5.345847654
    1.808795770   -2.792526803  -69.197487498   44.109531071   -1.959796790
    1.999195325   -2.792526803  -62.492954585   24.696952547    1.606177923
    2.189594880   -2.792526803  -60.206600310   -1.250318207    5.509309631
    2.379994435   -2.792526803  -62.978024791  -27.387925531    9.843105167
    2.570393989   -2.792526803  -70.280686480  -48.024207624   14.498674888
    2.760793544   -2.792526803  -80.655721094  -59.192702339   19.146113140
    2.951193099   -2.792526803  -92.102148990  -59.289910559   23.318800637

   -3.141592654   -2.443460953  -93.799278801  -44.907060966   23.371568895
   -2.951193099   -2.443460953 -100.997100115  -30.144503156   24.970589989
   -2.760793544   -2.443460953 -105.112207079  -13.214956154   25.621848335
   -2.570393989   -2.443460953 -106.163254075    1.399582093   25.574739855
   -2.379994435   -2.443460953 -104.895878332   10.897472036   25.225106067
   -2.189594880   -2.443460953 -102.357938136   14.929191607   24.997423396
   -1.999195325   -2.443460953  -99.431084862   15.461466894   25.180522042
   -1.808795770   -2.443460953  -96.498545879   15.485461432   25.766371360
   -1.618396215   -2.443460953  -93.405904850   17.404981126   26.381772705
   -1.427996661   -2.443460953  -89.698208464   21.890846039   26.385759831
   -1.237597106   -2.443460953  -84.973815616   27.738078942   25.121138300
   -1.047197551   -2.443460953  -79.188809568   32.591043101   22.178745702
   -0.856797996   -2.443460953  -72.761837357   34.051755639   17.581358597
   -0.666398442   -2.443460953  -66.524399690   30.374540857   11.742689492
   -0.475998887   -2.443460953  -61.540591737   20.883651514    5.326698820
   -0.285599332   -2.443460953  -58.896972879    5.948425122   -0.972378574
   -0.095199777   -2.443460953  -59.495114876  -12.739549570   -6.567454018
    0.095199777   -2.443460953  -63.774663280  -32.060837037  -11.065100660
    0.285599332   -2.443460953  -71.436786793  -47.414948573  -14.265017365
    0.475998887   -2.443460953  -81.232109602  -53.667007196  -16.117684383
    0.666398442   -2.443460953  -91.033894409  -47.093708277  -16.687608030
    0.856797996   -2.443460953  -98.316061768  -27.566027332  -16.112209459
    1.047197551   -2.443460953 -100.969806438    0.436566404  -14.576724135
    1.237597106   -2.443460953  -98.100702891   29.020731592  -12.298923758
    1.427996661   -2.443460953  -90.410943336   49.825759341   -9.503048713
    1.618396215   -2.443460953  -79.980774306   57.225298471   -6.362574660
    1.808795770   -2.443460953  -69.550305312   50.013253730   -2.957282008
    1.999195325   -2.443460953  -61.680054906   31.081248730    0.718510212
    2.189594880   -2.443460953  -58.113275704    5.823211980    4.695621819
    2.379994435   -2.443460953  -59.474122965  -19.698892170    8.927578503
    2.570393989   -2.443460953  -65.284973510  -40.152012618   13.228160053
    2.760793544   -2.443460953  -74.195643682  -51.823341000   17.291147876
    2.951193099   -2.443460953  -84.343986550  -53.150668957   20.766781047

   -3.141592654   -2.094395102  -87.348600304  -41.347918841   13.643549096
   -2.951193099   -2.094395102  -93.994131574  -27.914301231   14.740897238
   -2.760793544   -2.094395102  -97.806041368  -12.240735891   15.343859872
   -2.570393989   -2.094395102  -98.770746529    1.398113825   15.531572471
   -2.379994435   -2.094395102  -97.562261484   10.368295128   15.420282927
   -2.189594880   -2.094395102  -95.137693126   14.332566735   15.127097660
   -1.999195325   -2.094395102  -92.311124277   15.002167744   14.701681638
   -1.808795770   -2.094395102  -89.471937877   14.872710539   14.054988463
   -1.618396215   -2.094395102  -86.571642334   15.838920229   12.949127714
   -1.427996661   -2.094395102  -83.334120672   18.366909728   11.080765650
   -1.237597106   -2.094395102  -79.530204988   21.521686375    8.237284125
   -1.047197551   -2.094395102  -75.195800261   23.652269860    4.423040674
   -0.856797996   -2.094395102  -70.675460805   23.161287488   -0.077805517
   -0.666398442   -2.094395102  -66.591216980   18.918678965   -4.795210577
   -0.475998887   -2.094395102  -63.720725915   10.387763796   -9.195158101
   -0.285599332   -2.094395102  -62.883514702   -2.355221811  -12.845735697
   -0.095199777   -2.094395102  -64.800232928  -18.228683403  -15.501059963
    0.095199777   -2.094395102  -69.854217122  -34.756118685  -17.139368396
    0.285599332   -2.094395102  -77.800986175  -47.812857584  -17.916030658
    0.475998887   -2.094395102  -87.508944676  -52.461547452  -18.062538097
    0.666398442   -2.094395102  -96.979085269  -44.890329898  -17.783464205
    0.856797996   -2.094395102 -103.777820557  -24.715400477  -17.163968274
    1.047197551   -2.094395102 -105.838101869    3.831770987  -16.156477867
    1.237597106   -2.094395102 -102.268988259   32.989363465  -14.636968006
    1.427996661   -2.094395102  -93.766030774   54.399386961  -12.515922947
    1.618396215   -2.094395102  -82.407163895   62.395205779   -9.803082392
    1.808795770   -2.094395102  -70.937946660   55.732051559   -6.613993101
    1.999195325   -2.094395102  -61.930807361   37.278515162   -3.132903327
    2.189594880   -2.094395102  -57.147121570   12.367627816    0.439528248
    2.379994435   -2.094395102  -57.246065476  -13.049839667    3.902417076
    2.570393989   -2.094395102  -61.807433140  -33.749394093    7.071591303
    2.760793544   -2.094395102  -69.552466754  -46.058480990    9.801982978
    2.951193099   -2.094395102  -78.690986270  -48.367927111   12.002025894

   -3.141592654   -1.745329252  -85.079835089  -39.465683571    4.376073085
   -2.951193099   -1.745329252  -91.411009841  -26.500830320    5.003181024
   -2.760793544   -1.745329252  -95.000527524  -11.338582708    5.522372659
   -2.570393989   -1.745329252  -95.847986098    1.711110174    5.825520422
   -2.379994435   -1.745329252  -94.643597931    9.996160505    5.760865545
   -2.189594880   -1.745329252  -92.366022153   13.129508315    5.185844299
   -1.999195325   -1.745329252  -89.866372235   12.717923237    3.993627450
   -1.808795770   -1.745329252  -87.592350739   11.162491644    2.116214961
   -1.618396215   -1.745329252  -85.559939033   10.402148209   -0.461732626
   -1.427996661   -1.745329252  -83.526957551   11.187772695   -3.668671372
   -1.237597106   -1.745329252  -81.224358018   13.044904927   -7.308027373
   -1.047197551   -1.745329252  -78.557072638   14.816885433  -11.065010648
   -0.856797996   -1.745329252  -75.659051501   15.164823462  -14.540119167
   -0.666398442   -1.745329252  -72.924104052   12.914743934  -17.348253507
   -0.475998887   -1.745329252  -70.944704755    7.110314105  -19.189112584
   -0.285599332   -1.745329252  -70.458412434   -2.791784142  -19.938197123
   -0.095199777   -1.745329252  -72.226032207  -16.355493233  -19.685500691
    0.095199777   -1.745329252  -76.779084561  -31.555347282  -18.743628477
    0.285599332   -1.745329252  -84.079712607  -44.400710584  -17.563971373
    0.475998887   -1.745329252  -93.192884562  -49.734547071  -16.576608575
    0.666398442   -1.745329252 -102.244579085  -43.227131992  -16.023953334
    0.856797996   -1.745329252 -108.813306365  -23.876347488  -15.843322526
    1.047197551   -1.745329252 -110.738962257    4.544698652  -15.701013226
    1.237597106   -1.745329252 -106.981555140   34.367923261  -15.149478141
    1.427996661   -1.745329252  -98.107207567   56.961259149  -13.856618707
    1.618396215   -1.745329252  -86.137163701   66.210774571  -11.746663243
    1.808795770   -1.745329252  -73.844461078   60.471359356   -9.009058259
    1.999195325   -1.745329252  -63.887775491   42.410556555   -6.003370051
    2.189594880   -1.745329252  -58.131501721   17.361725972   -3.110177756
    2.379994435   -1.745329252  -57.324120912   -8.583027580   -0.628528712
    2.570393989   -1.745329252  -61.101706758  -30.003052733    1.292393363
    2.760793544   -1.745329252  -68.203463898  -43.042400605    2.668391850
    2.951193099   -1.745329252  -76.828853341  -45.973444129    3.636054116

   -3.141592654   -1.396263402  -86.891527353  -38.924087753    1.749000683
   -2.951193099   -1.396263402  -93.073733247  -25.507914749    1.558242421
   -2.760793544   -1.396263402  -96.453259743  -10.218925881    1.362534076
   -2.570393989   -1.396263402  -97.119845661    2.378012246    1.058579873
   -2.379994435   -1.396263402  -95.882509323    9.572269449    0.440768503
   -2.189594880   -1.396263402  -93.833039612   11.083487444   -0.733556804
   -1.999195325   -1.396263402  -91.903641064    8.745656693   -2.668024998
   -1.808795770   -1.396263402  -90.570692412    5.288022316   -5.451732552
   -1.618396215   -1.396263402  -89.806588892    3.065500585   -8.987228759
   -1.427996661   -1.396263402  -89.243147716    3.262524519  -12.959270278
   -1.237597106   -1.396263402  -88.414399340    5.685692146  -16.876710889
   -1.047197551   -1.396263402  -87.000019943    9.196046874  -20.194021261
   -0.856797996   -1.396263402  -84.934079505   12.152124822  -22.442457003
   -0.666398442   -1.396263402  -82.488724810   12.904400135  -23.350312181
   -0.475998887   -1.396263402  -80.234751458    9.933073341  -22.876603046
   -0.285599332   -1.396263402  -78.992595873    2.178739557  -21.216268516
   -0.095199777   -1.396263402  -79.694870294  -10.345709430  -18.767123976
    0.095199777   -1.396263402  -83.109320336  -25.836518379  -16.067987278
    0.285599332   -1.396263402  -89.451045742  -40.229759899  -13.676382685
    0.475998887   -1.396263402  -97.986879433  -47.915984596  -11.998905974
    0.666398442   -1.396263402 -106.924693923  -43.777322588  -11.157430562
    0.856797996   -1.396263402 -113.761514958  -25.949345413  -10.938817536
    1.047197551   -1.396263402 -116.115832047    2.362192335  -10.900963381
    1.237597106   -1.396263402 -112.669983877   33.461268273  -10.559119017
    1.427996661   -1.396263402 -103.775971403   58.119535102   -9.598465413
    1.618396215   -1.396263402  -91.386220630   69.364672207   -7.968053802
    1.808795770   -1.396263402  -78.361255792   64.820642539   -5.851925484
    1.999195325   -1.396263402  -67.549280187   46.853780732   -3.571516484
    2.189594880   -1.396263402  -61.015754860   20.948590637   -1.460966451
    2.379994435   -1.396263402  -59.648635863   -6.327211251    0.208630503
    2.570393989   -1.396263402  -63.120864024  -28.994770675    1.293707275
    2.760793544   -1.396263402  -70.111323363  -42.775295868    1.804253656
    2.951193099   -1.396263402  -78.704929073  -45.798847048    1.885089256

   -3.141592654   -1.047197551  -89.863013400  -41.596682274    4.145281110
   -2.951193099   -1.047197551  -96.489545118  -27.455438282    3.125839178
   -2.760793544   -1.047197551 -100.161391203  -11.372826525    1.923155680
   -2.570393989   -1.047197551 -100.997077666    1.662274876    0.506862187
   -2.379994435   -1.047197551  -99.904922864    8.638253107   -1.260680056
   -2.189594880   -1.047197551  -98.113490648    9.190647182   -3.573956430
   -1.999195325   -1.047197551  -96.682272313    5.342233469   -6.586725056
   -1.808795770   -1.047197551  -96.153606459    0.276821548  -10.294905295
   -1.618396215   -1.047197551  -96.460332444   -3.028725371  -14.437968549
   -1.427996661   -1.047197551  -97.076982971   -2.821426864  -18.493181651
   -1.237597106   -1.047197551  -97.298817861    0.952003882  -21.799468789
   -1.047197551   -1.047197551  -96.562484009    6.957189843  -23.771984323
   -0.856797996   -1.047197551  -94.635224233   12.963513725  -24.096206968
   -0.666398442   -1.047197551  -91.749960510   16.627192834  -22.810981029
   -0.475998887   -1.047197551  -88.565021473   15.823069330  -20.254446636
   -0.285599332   -1.047197551  -86.082725141    9.105991935  -16.938960706
   -0.095199777   -1.047197551  -85.468430147   -3.656317223  -13.425458295
    0.095199777   -1.047197551  -87.725660904  -20.547198589  -10.215137187
    0.285599332   -1.047197551  -93.258461007  -37.104935036   -7.656801573
    0.475998887   -1.047197551 -101.421928012  -47.094951323   -5.874237117
    0.666398442   -1.047197551 -110.382828019  -44.696300843   -4.768084512
    0.856797996   -1.047197551 -117.476374344  -27.539223927   -4.075704167
    1.047197551   -1.047197551 -120.101152998    1.277891439   -3.498430160
    1.237597106   -1.047197551 -116.742083130   33.713169594   -2.800487865
    1.427996661   -1.047197551 -107.648355497   59.934464868   -1.871313312
    1.618396215   -1.047197551  -94.788664765   72.374015492   -0.710954499
    1.808795770   -1.047197551  -81.134459894   68.265763668    0.617024625
    1.999195325   -1.047197551  -69.693282900   49.875291339    2.007321557
    2.189594880   -1.047197551  -62.684102065   22.819372307    3.326196791
    2.379994435   -1.047197551  -61.106102495   -6.019962785    4.404199553
    2.570393989   -1.047197551  -64.672627737  -30.254771907    5.076857158
    2.760793544   -1.047197551  -72.023421348  -45.199722146    5.238978453
    2.951193099   -1.047197551  -81.136638047  -48.702627856    4.893198294

   -3.141592654   -0.698131701  -89.990742225  -45.050789359    4.283818704
   -2.951193099   -0.698131701  -97.300834171  -31.121720394    1.912620661
   -2.760793544   -0.698131701 -101.670862724  -15.024429448   -0.568260129
   -2.570393989   -0.698131701 -103.203968495   -2.047988837   -3.045431650
   -2.379994435   -0.698131701 -102.849384094    4.532670979   -5.578970805
   -2.189594880   -0.698131701 -101.909820096    4.293311658   -8.363929463
   -1.999195325   -0.698131701 -101.502044615   -0.501109971  -11.582945871
   -1.808795770   -0.698131701 -102.152666894   -6.156170779  -15.212361275
   -1.618396215   -0.698131701 -103.669962356   -9.109480739  -18.883727960
   -1.427996661   -0.698131701 -105.309277861   -7.255773910  -21.919776298
   -1.237597106   -0.698131701 -106.122801359   -0.666567397  -23.570479740
   -1.047197551   -0.698131701 -105.375664297    8.717560845  -23.336198603
   -0.856797996   -0.698131701 -102.808103298   17.810767500  -21.205350063
   -0.666398442   -0.698131701  -98.782118373   23.540268398  -17.653070144
   -0.475998887   -0.698131701  -94.194513318   23.399461376  -13.440669368
   -0.285599332   -0.698131701  -90.318539435   15.959079179   -9.319650108
   -0.095199777   -0.698131701  -88.554450514    1.435821846   -5.807810083
    0.095199777   -0.698131701  -90.050947477  -17.678032182   -3.075360023
    0.285599332   -0.698131701  -95.237402572  -36.249233093   -0.977355839
    0.475998887   -0.698131701 -103.371101907  -47.477930870    0.811152051
    0.666398442   -0.698131701 -112.438558168  -45.261865316    2.583686764
    0.856797996   -0.698131701 -119.579457196  -27.368427894    4.438871567
    1.047197551   -0.698131701 -122.058907659    2.646788260    6.230050850
    1.237597106   -0.698131701 -118.328209424   36.180892576    7.693107382
    1.427996661   -0.698131701 -108.695091242   63.026844508    8.631217372
    1.618396215   -0.698131701  -95.230959311   75.541387439    9.044156473
    1.808795770   -0.698131701  -81.000700810   71.090695550    9.119422136
    1.999195325   -0.698131701  -69.074778455   52.112266601    9.087819180
    2.189594880   -0.698131701  -61.709882482   24.288846985    9.070896676
    2.379994435   -0.698131701  -59.940537383   -5.509797866    8.995664275
    2.570393989   -0.698131701  -63.516373193  -30.882835050    8.646482802
    2.760793544   -0.698131701  -71.101169764  -47.016220289    7.789151100
    2.951193099   -0.698131701  -80.660977671  -51.525448665    6.311272719

   -3.141592654   -0.349065850  -88.894563564  -50.417043460    3.748203287
   -2.951193099   -0.349065850  -97.276678050  -36.900976249    0.601252278
   -2.760793544   -0.349065850 -102.744741992  -20.702198717   -2.562434081
   -2.570393989   -0.349065850 -105.329386612   -7.408306657   -5.544567642
   -2.379994435   -0.349065850 -105.975107776   -0.662869647   -8.350000726
   -2.189594880   -0.349065850 -106.035904667   -1.067987025  -11.152936425
   -1.999195325   -0.349065850 -106.678516001   -6.154224233  -14.113909603
   -1.808795770   -0.349065850 -108.404262510  -11.662803433  -17.149272945
   -1.618396215   -0.349065850 -110.875060242  -13.391533936  -19.797043271
   -1.427996661   -0.349065850 -113.105022687   -8.951765388  -21.317893817
   -1.237597106   -0.349065850 -113.910432054    1.224727161  -21.026729222
   -1.047197551   -0.349065850 -112.448000195   14.254310647  -18.664338027
   -0.856797996   -0.349065850 -108.554491563   25.949379801  -14.606255839
   -0.666398442   -0.349065850 -102.869123376   32.500760992   -9.727246290
   -0.475998887   -0.349065850  -96.646409099   31.338152403   -5.049736420
   -0.285599332   -0.349065850  -91.463704496   21.604326999   -1.328690289
   -0.095199777   -0.349065850  -88.875197367    4.482255053    1.191039414
    0.095199777   -0.349065850  -89.991710145  -16.560905617    2.804818050
    0.285599332   -0.349065850  -95.047438119  -35.755021106    4.149264670
    0.475998887   -0.349065850 -103.037381607  -46.277273558    5.874960113
    0.666398442   -0.349065850 -111.742110227  -42.609248451    8.305270222
    0.856797996   -0.349065850 -118.244073583  -23.435547252   11.262379534
    1.047197551   -0.349065850 -119.919326214    6.957194138   14.142997878
    1.237597106   -0.349065850 -115.419895096   39.775231278   16.249849663
    1.427996661   -0.349065850 -105.229421242   65.223929199   17.149656697
    1.618396215   -0.349065850  -91.485883751   76.332255293   16.859173077
    1.808795770   -0.349065850  -77.202714372   70.958758632   15.771844272
    1.999195325   -0.349065850  -65.345404027   51.603647104   14.392309546
    2.189594880   -0.349065850  -58.091965932   23.629995296   13.068326066
    2.379994435   -0.349065850  -56.475874668   -6.521117775   11.850960642
    2.570393989   -0.349065850  -60.314271085  -32.711645756   10.540858787
    2.760793544   -0.349065850  -68.360256367  -50.077019929    8.844857755
    2.951193099   -0.349065850  -78.629741328  -55.900788804    6.572324946

   -3.141592654    0.000000000  -87.640236700  -56.088541430    1.957533579
   -2.951193099    0.000000000  -97.131222222  -42.759811933   -1.236059106
   -2.760793544    0.000000000 -103.692199338  -26.245640786   -4.278565919
   -2.570393989    0.000000000 -107.284281637  -12.440968544   -6.989450426
   -2.379994435    0.000000000 -108.850786913   -5.348311896   -9.379582373
   -2.189594880    0.000000000 -109.794229162   -5.683722897  -11.605566853
   -1.999195325    0.000000000 -111.311724779  -10.673960287  -13.778114226
   -1.808795770    0.000000000 -113.843218577  -15.439379153  -15.751544685
   -1.618396215    0.000000000 -116.870090461  -15.226459038  -17.044527724
   -1.427996661    0.000000000 -119.165207688   -7.630616399  -17.005951394
   -1.237597106    0.000000000 -119.370714815    6.206843027  -15.178717708
   -1.047197551    0.000000000 -116.655953728   22.205288533  -11.623878038
   -0.856797996    0.000000000 -111.099378554   35.116439788   -7.020064355
   -0.666398442    0.000000000 -103.722614411   40.755578086   -2.390232416
   -0.475998887    0.000000000  -96.150698677   37.066126687    1.332003552
   -0.285599332    0.000000000  -90.167059047   24.310536926    3.708827537
   -0.095199777    0.000000000  -87.299711115    4.914196807    4.941430977
    0.095199777    0.000000000  -88.425997859  -16.794642295    5.748386719
    0.285599332    0.000000000  -93.445993864  -34.881338683    7.021501862
    0.475998887    0.000000000 -101.063640068  -43.137671989    9.408637546
    0.666398442    0.000000000 -108.942508700  -37.187263815   12.980999407
    0.856797996    0.000000000 -114.277736065  -16.893631791   17.152280548
    1.047197551    0.000000000 -114.739064915   12.848917350   20.907439043
    1.237597106    0.000000000 -109.307571927   43.478235363   23.276405751
    1.427996661    0.000000000  -98.678825474   66.117899123   23.764854829
    1.618396215    0.000000000  -85.006847774   74.837546960   22.516391328
    1.808795770    0.000000000  -71.155518913   68.118584295   20.146031722
    1.999195325    0.000000000  -59.883090446   48.446831828   17.381855214
    2.189594880    0.000000000  -53.213409192   20.692924438   14.737559740
    2.379994435    0.000000000  -52.137652032   -9.313573834   12.368658980
    2.570393989    0.000000000  -56.529985942  -35.831237916   10.129437447
    2.760793544    0.000000000  -65.242242459  -54.017746193    7.745463047
    2.951193099    0.000000000  -76.357472364  -60.838531358    5.020246389

   -3.141592654    0.349065850  -85.957009023  -61.182514061    1.229313941
   -2.951193099    0.349065850  -96.444415116  -48.028466336   -0.955957747
   -2.760793544    0.349065850 -103.990285473  -31.238517069   -2.907579380
   -2.570393989    0.349065850 -108.483513990  -16.881621805   -4.556668810
   -2.379994435    0.349065850 -110.840759841   -9.223802164   -5.960648011
   -2.189594880    0.349065850 -112.476386218   -9.078100976   -7.257334436
   -1.999195325    0.349065850 -114.587912845  -13.460066937   -8.512005178
   -1.808795770    0.349065850 -117.552171699  -17.070222105   -9.570888996
   -1.618396215    0.349065850 -120.713943637  -14.864865884  -10.041153375
   -1.427996661    0.349065850 -122.695803173   -4.638554441   -9.467225352
   -1.237597106    0.349065850 -122.082806080   11.721190913   -7.631297323
   -1.047197551    0.349065850 -118.157065381   29.153251580   -4.753305864
   -0.856797996    0.349065850 -111.276115859   41.773894346   -1.470253266
   -0.666398442    0.349065850 -102.792649276   45.499765781    1.474563484
   -0.475998887    0.349065850  -94.569178090   39.135309607    3.591889557
   -0.285599332    0.349065850  -88.419422210   24.155503401    4.893367743
   -0.095199777    0.349065850  -85.679175423    4.041367346    5.868200800
    0.095199777    0.349065850  -86.884213599  -16.429642976    7.253499677
    0.285599332    0.349065850  -91.582455929  -31.672189516    9.692285802
    0.475998887    0.349065850  -98.265215876  -36.559845958   13.411603225
    0.666398442    0.349065850 -104.630397785  -28.139024665   18.054311857
    0.856797996    0.349065850 -108.164667810   -7.448428630   22.739256106
    1.047197551    0.349065850 -106.982466074   20.283421430   26.365055733
    1.237597106    0.349065850 -100.475196811   47.156532493   28.058141158
    1.427996661    0.349065850  -89.548558718   65.629974183   27.516176207
    1.618396215    0.349065850  -76.304148690   71.076747448   25.077784814
    1.808795770    0.349065850  -63.356413319   62.678756978   21.499497380
    1.999195325    0.349065850  -53.156352700   42.834991433   17.603224724
    2.189594880    0.349065850  -47.495508790   15.787054611   13.976362574
    2.379994435    0.349065850  -47.272520071  -13.405077223   10.861829307
    2.570393989    0.349065850  -52.398600703  -39.549660097    8.209954375
    2.760793544    0.349065850  -61.831785402  -57.961350276    5.821690520
    2.951193099    0.349065850  -73.751839538  -65.378565801    3.515327647

   -3.141592654    0.698131701  -84.143856776  -63.499552986    0.539782846
   -2.951193099    0.698131701  -95.088011533  -50.474493428    0.050384291
   -2.760793544    0.698131701 -103.105414422  -33.707775934   -0.288220512
   -2.570393989    0.698131701 -108.064071526  -19.283388969   -0.598512970
   -2.379994435    0.698131701 -110.871961839  -11.555101725   -0.984667950
   -2.189594880    0.698131701 -112.946131510  -11.335901536   -1.507785570
   -1.999195325    0.698131701 -115.468965255  -15.465703349   -2.135714120
   -1.808795770    0.698131701 -118.757627442  -18.379082729   -2.714253050
   -1.618396215    0.698131701 -122.057800308  -14.924035120   -3.004198851
   -1.427996661    0.698131701 -123.904672850   -3.154621547   -2.799644683
   -1.237597106    0.698131701 -122.879280332   14.474143947   -2.071218813
   -1.047197551    0.698131701 -118.372389774   32.327362783   -1.001141131
   -0.856797996    0.698131701 -110.928187240   44.365703921    0.108425426
   -0.666398442    0.698131701 -102.060170074   46.906028316    1.058269674
   -0.475998887    0.698131701  -93.672473977   39.560580158    1.909566320
   -0.285599332    0.698131701  -87.460924808   24.590036417    3.012980779
   -0.095199777    0.698131701  -84.527655551    5.861890595    4.857519130
    0.095199777    0.698131701  -85.157254081  -12.057712160    7.844652366
    0.285599332    0.698131701  -88.740736647  -24.353564377   12.068790490
    0.475998887    0.698131701  -93.794386082  -26.973458618   17.177990702
    0.666398442    0.698131701  -98.245187423  -17.967179194   22.401370163
    0.856797996    0.698131701  -99.959516815    1.116222804   26.732184582
    1.047197551    0.698131701  -97.457597786   25.320913790   29.247008718
    1.237597106    0.698131701  -90.412374571   47.722689801   29.435647864
    1.427996661    0.698131701  -79.787483407   62.057382436   27.372010453
    1.618396215    0.698131701  -67.516649601   64.705463594   23.640861356
    1.808795770    0.698131701  -55.911397675   55.238675317   19.070547997
    1.999195325    0.698131701  -47.107521027   35.808310420   14.444415047
    2.189594880    0.698131701  -42.669985261   10.046636414   10.303863365
    2.379994435    0.698131701  -43.396460681  -17.654301087    6.922144725
    2.570393989    0.698131701  -49.210475295  -42.604564927    4.358186476
    2.760793544    0.698131701  -59.153729287  -60.353123766    2.537039394
    2.951193099    0.698131701  -71.506911382  -67.597824844    1.318679572

   -3.141592654    1.047197551  -85.531654564  -63.840496568   -3.556499870
   -2.951193099    1.047197551  -96.467382461  -50.075552237   -2.570251745
   -2.760793544    1.047197551 -104.363943389  -32.874488761   -1.390995921
   -2.570393989    1.047197551 -109.145630813  -18.295527450   -0.300167918
   -2.379994435    1.047197551 -111.770095645  -10.649091175    0.529702243
   -2.189594880    1.047197551 -113.694576145  -10.687256604    1.037939350
   -1.999195325    1.047197551 -116.126249749  -15.157800325    1.246628831
   -1.808795770    1.047197551 -119.387321328  -18.386503099    1.221851686
   -1.618396215    1.047197551 -122.712316400  -15.167200330    1.035032025
   -1.427996661    1.047197551 -124.623569808   -3.596643080    0.733223230
   -1.237597106    1.047197551 -123.703563176   13.795506886    0.336900438
   -1.047197551    1.047197551 -119.350562231   31.386446705   -0.102808690
   -0.856797996    1.047197551 -112.095962648   43.373185338   -0.439896792
   -0.666398442    1.047197551 -103.379271866   46.435617962   -0.371586088
   -0.475998887    1.047197551  -94.962418136   40.500014922    0.508774627
   -0.285599332    1.047197551  -88.363271491   27.850675904    2.599293470
   -0.095199777    1.047197551  -84.539042505   11.997088312    6.116327175
    0.095199777    1.047197551  -83.731952822   -3.188796925   10.963333763
    0.285599332    1.047197551  -85.438378272  -13.736313292   16.663490991
    0.475998887    1.047197551  -88.433921869  -16.294479483   22.388187139
    0.666398442    1.047197551  -91.003857049   -9.220442558   27.134448779
    0.856797996    1.047197551  -91.377423663    6.219381113   29.981541880
    1.047197551    1.047197551  -88.328011434   25.914540861   30.378877908
    1.237597106    1.047197551  -81.588792755   44.046293491   28.318717070
    1.427996661    1.047197551  -71.982937863   55.277287931   24.311969442
    1.618396215    1.047197551  -61.175219920   56.373490259   19.166216578
    1.808795770    1.047197551  -51.190865179   46.737878663   13.693260947
    1.999195325    1.047197551  -43.945473326   28.035314034    8.516500074
    2.189594880    1.047197551  -40.881109594    3.434677486    4.016978407
    2.379994435    1.047197551  -42.742565876  -22.952151927    0.418344024
    2.570393989    1.047197551  -49.436681592  -46.545770656   -2.141006235
    2.760793544    1.047197551  -60.002937944  -62.958433977   -3.597535914
    2.951193099    1.047197551  -72.733230383  -68.968966311   -4.002632116

   -3.141592654    1.396263402  -90.380799051  -61.795394103   -9.520946390
   -2.951193099    1.396263402 -100.777974667  -46.586861707   -8.067496438
   -2.760793544    1.396263402 -107.939023267  -28.764232263   -6.288634946
   -2.570393989    1.396263402 -111.937717637  -14.284684004   -4.443296728
   -2.379994435    1.396263402 -113.848661995   -7.227400172   -2.677885587
   -2.189594880    1.396263402 -115.201252729   -8.132628645   -1.059071689
   -1.999195325    1.396263402 -117.241754543  -13.622288636    0.354927814
   -1.808795770    1.396263402 -120.315309883  -17.970796047    1.464756458
   -1.618396215    1.396263402 -123.672288062  -15.931607924    2.135620968
   -1.427996661    1.396263402 -125.836846521   -5.480249626    2.264568850
   -1.237597106    1.396263402 -125.356888159   11.129297887    1.877843108
   -1.047197551    1.396263402 -121.530217093   28.661119402    1.217324657
   -0.856797996    1.396263402 -114.714772607   41.680632601    0.727071537
   -0.666398442    1.396263402 -106.126803743   46.959048385    0.964159478
   -0.475998887    1.396263402  -97.322809812   44.152336060    2.406559414
   -0.285599332    1.396263402  -89.702774975   34.891103802    5.290336854
   -0.095199777    1.396263402  -84.254008591   21.848940669    9.499911294
    0.095199777    1.396263402  -81.409096662    8.082632845   14.560585394
    0.285599332    1.396263402  -80.986134260   -2.987248901   19.705435298
    0.475998887    1.396263402  -82.146120179   -8.073778714   24.003395414
    0.666398442    1.396263402  -83.519100861   -5.055377325   26.591573654
    0.856797996    1.396263402  -83.541418160    5.740753327   26.912511342
    1.047197551    1.396263402  -80.994365710   21.278201363   24.902535862
    1.237597106    1.396263402  -75.434764271   36.544137263   20.994478856
    1.427996661    1.396263402  -67.406870612   46.440164006   15.942907310
    1.618396215    1.396263402  -58.308761797   47.395191385   10.532973234
    1.808795770    1.396263402  -49.994332492   38.227263250    5.342353536
    1.999195325    1.396263402  -44.310347684   20.144133740    0.682223488
    2.189594880    1.396263402  -42.684331298   -3.756231759   -3.319069912
    2.379994435    1.396263402  -45.826248485  -29.130451342   -6.556686976
    2.570393989    1.396263402  -53.557053258  -51.145545420   -8.881685970
    2.760793544    1.396263402  -64.803355290  -65.413339822  -10.146087884
    2.951193099    1.396263402  -77.776067585  -69.042714583  -10.311275774

   -3.141592654    1.745329252  -96.692468968  -59.585156975  -16.201712582
   -2.951193099    1.745329252 -106.517887957  -42.907513019  -14.858381011
   -2.760793544    1.745329252 -112.895887985  -24.333982976  -12.996287419
   -2.570393989    1.745329252 -116.030659162   -9.732142738  -10.778197154
   -2.379994435    1.745329252 -117.098210347   -2.982632099   -8.287086686
   -2.189594880    1.745329252 -117.694792478   -4.480587024   -5.581353469
   -1.999195325    1.745329252 -119.115841333  -10.810960466   -2.786295891
   -1.808795770    1.745329252 -121.753914948  -16.253939222   -0.140031174
   -1.618396215    1.745329252 -124.902520579  -15.485980262    2.043722144
   -1.427996661    1.745329252 -127.098532900   -6.227612590    3.505214367
   -1.237597106    1.745329252 -126.836941284    9.695309044    4.200490243
   -1.047197551    1.745329252 -123.274987963   27.483544102    4.405213105
   -0.856797996    1.745329252 -116.564567876   41.943089971    4.647451654
   -0.666398442    1.745329252 -107.706661880   49.659343679    5.511749658
   -0.475998887    1.745329252  -98.116084228   49.723097594    7.365208605
   -0.285599332    1.745329252  -89.183430278   42.971910834   10.199508364
   -0.095199777    1.745329252  -82.040166766   31.320793177   13.613275635
    0.095199777    1.745329252  -77.389239697   17.284010175   16.939984079
    0.285599332    1.745329252  -75.386701034    4.105733349   19.426878102
    0.475998887    1.745329252  -75.522324293   -4.608542107   20.416804168
    0.666398442    1.745329252  -76.648825674   -5.973222007   19.542057577
    0.856797996    1.745329252  -77.249578711    0.723583435   16.840129088
    1.047197551    1.745329252  -75.957580045   13.368424779   12.766362787
    1.237597106    1.745329252  -72.048524051   27.388142921    8.022263583
    1.427996661    1.745329252  -65.763705783   37.472132210    3.309182118
    1.618396215    1.745329252  -58.288421186   39.371444464   -0.921086692
    1.808795770    1.745329252  -51.403432898   31.198001812   -4.558194639
    1.999195325    1.745329252  -46.987383884   13.796354045   -7.726512728
    2.189594880    1.745329252  -46.524681368   -9.626790570  -10.585034380
    2.379994435    1.745329252  -50.726994161  -34.319934605  -13.133546128
    2.570393989    1.745329252  -59.337955276  -55.081134542  -15.181988909
    2.760793544    1.745329252  -71.163693628  -67.460992550  -16.461851549
    2.951193099    1.745329252  -84.318935666  -68.877293309  -16.796420113

   -3.141592654    2.094395102 -103.439290964  -58.070318365  -19.713029928
   -2.951193099    2.094395102 -112.861237186  -40.249952593  -18.514405824
   -2.760793544    2.094395102 -118.650459005  -20.857813042  -16.585183566
   -2.570393989    2.094395102 -121.062939859   -5.656060556  -14.040449508
   -2.379994435    2.094395102 -121.306213011    1.573582607  -10.968460705
   -2.189594880    2.094395102 -121.000201161    0.400221172   -7.450796833
   -1.999195325    2.094395102 -121.484731618   -5.928484452   -3.626448740
   -1.808795770    2.094395102 -123.231192352  -11.868915230    0.261925639
   -1.618396215    2.094395102 -125.632396300  -12.100581961    3.878771815
   -1.427996661    2.094395102 -127.297852615   -4.048384686    6.895340745
   -1.237597106    2.094395102 -126.712719829   11.012077359    9.139517016
   -1.047197551    2.094395102 -122.914868783   28.805992242   10.703511069
   -0.856797996    2.094395102 -115.866512851   44.326019729   11.902426619
   -0.666398442    2.094395102 -106.394906719   53.774322165   13.098022996
   -0.475998887    2.094395102  -95.856449127   55.469443127   14.462959189
   -0.285599332    2.094395102  -85.742356476   49.412043772   15.857064349
   -0.095199777    2.094395102  -77.421392147   36.977331172   16.856464801
    0.095199777    2.094395102  -71.894084795   20.595350796   16.922319243
    0.285599332    2.094395102  -69.582618757    3.895326501   15.607779657
    0.475998887    2.094395102  -70.132248486   -8.736511986   12.734007039
    0.666398442    2.094395102  -72.381460419  -13.465535479    8.509713997
    0.856797996    2.094395102  -74.625000447   -8.745834669    3.508537004
    1.047197551    2.094395102  -75.184980113    3.677375208   -1.482756904
    1.237597106    2.094395102  -73.016434056   18.994413664   -5.752169450
    1.427996661    2.094395102  -68.138146449   31.136766853   -8.902245441
    1.618396215    2.094395102  -61.677870675   34.955050022  -10.977071510
    1.808795770    2.094395102  -55.508813342   27.949985909  -12.374519379
    1.999195325    2.094395102  -51.669233133   10.873494362  -13.599939218
    2.189594880    2.094395102  -51.774033844  -12.682576270  -15.011907155
    2.379994435    2.094395102  -56.566862329  -37.392186815  -16.657226881
    2.570393989    2.094395102  -65.723839216  -57.626361697  -18.292711337
    2.760793544    2.094395102  -77.934937658  -68.865968016  -19.536643029
    2.951193099    2.094395102  -91.220203919  -68.801513272  -20.061266935

   -3.141592654    2.443460953 -110.201570817  -57.640032759  -13.655263473
   -2.951193099    2.443460953 -119.419576415  -38.551384910  -12.173420259
   -2.760793544    2.443460953 -124.763529501  -17.891195852  -10.216648411
   -2.570393989    2.443460953 -126.491339093   -1.446852048   -7.874599328
   -2.379994435    2.443460953 -125.817678919    6.972247025   -5.161205303
   -2.189594880    2.443460953 -124.380745050    6.834478468   -2.015119525
   -1.999195325    2.443460953 -123.566385573    1.204025197    1.616408392
   -1.808795770    2.443460953 -123.929005900   -4.573182651    5.666918337
   -1.618396215    2.443460953 -124.974374265   -5.263683273    9.874968718
   -1.427996661    2.443460953 -125.421852942    1.842243805   13.824792957
   -1.237597106    2.443460953 -123.818798474   15.818918799   17.102002453
   -1.047197551    2.443460953 -119.192018151   32.757935337   19.461251298
   -0.856797996    2.443460953 -111.441441487   47.797578677   20.884568744
   -0.666398442    2.443460953 -101.340631098   56.888671389   21.477634114
   -0.475998887    2.443460953  -90.267096784   57.864526733   21.291239255
   -0.285599332    2.443460953  -79.827017656   50.270793974   20.209726277
   -0.095199777    2.443460953  -71.564688578   35.350842079   17.986798208
    0.095199777    2.443460953  -66.641093838   15.814434491   14.401170425
    0.285599332    2.443460953  -65.548308982   -4.066894033    9.441809815
    0.475998887    2.443460953  -67.860256713  -19.088362631    3.435293250
    0.666398442    2.443460953  -72.193919242  -24.714940763   -2.936095474
    0.856797996    2.443460953  -76.523012385  -19.089483383   -8.780883981
    1.047197551    2.443460953  -78.840726597   -4.238720181  -13.258101630
    1.237597106    2.443460953  -77.880954310   14.260596425  -15.888866883
    1.427996661    2.443460953  -73.613336970   29.342570439  -16.714512226
    1.618396215    2.443460953  -67.293611006   35.063466702  -16.253828414
    1.808795770    2.443460953  -61.029820819   28.629774002  -15.259889709
    1.999195325    2.443460953  -57.098134475   11.030931985  -14.406464072
    2.189594880    2.443460953  -57.269117807  -13.548560198  -14.062996743
    2.379994435    2.443460953  -62.318489183  -39.142025385  -14.223694367
    2.570393989    2.443460953  -71.849451181  -59.683142065  -14.603693972
    2.760793544    2.443460953  -84.426105060  -70.538359972  -14.815279993
    2.951193099    2.443460953  -97.949368582  -69.561403341  -14.545068518

   -3.141592654    2.792526803 -113.534432444  -56.387582609    1.253314468
   -2.951193099    2.792526803 -122.453448792  -36.689841143    3.294914008
   -2.760793544    2.792526803 -127.384619512  -15.425448476    5.150675920
   -2.570393989    2.792526803 -128.581079977    1.679522419    6.818155180
   -2.379994435    2.792526803 -127.236209260   10.926729725    8.476486789
   -2.189594880    2.792526803 -124.948523495   11.847209649   10.449784896
   -1.999195325    2.792526803 -123.065664628    7.418408859   13.061081274
   -1.808795770    2.792526803 -122.137771466    2.713513846   16.439611052
   -1.618396215    2.792526803 -121.729875895    2.598065993   20.370985785
   -1.427996661    2.792526803 -120.686220042    9.500383236   24.308260476
   -1.237597106    2.792526803 -117.710332044   22.451420111   27.564850439
   -1.047197551    2.792526803 -111.972064748   37.711199064   29.565168759
   -0.856797996    2.792526803 -103.473734393   50.636520689   30.019255953
   -0.666398442    2.792526803  -93.061284776   57.261723041   28.902933952
   -0.475998887    2.792526803  -82.180100302   55.401514456   26.330688485
   -0.285599332    2.792526803  -72.506578813   44.633239780   22.428620519
   -0.095199777    2.792526803  -65.629879803   26.456905670   17.319053377
    0.095199777    2.792526803  -62.680569185    4.098131505   11.189202424
    0.285599332    2.792526803  -64.004731266  -17.501985564    4.392339869
    0.475998887    2.792526803  -68.907306719  -32.550501131   -2.493152283
    0.666398442    2.792526803  -75.653821406  -36.280356223   -8.707448740
    0.856797996    2.792526803  -81.871611602  -27.131653565  -13.478512977
    1.047197551    2.792526803  -85.314756070   -7.963624459  -16.256561031
    1.237597106    2.792526803  -84.668146590   14.568082236  -16.939924756
    1.427996661    2.792526803  -80.050580508   32.463911455  -15.908791686
    1.618396215    2.792526803  -72.999943742   39.354664212  -13.859760563
    1.808795770    2.792526803  -65.928951926   32.626985672  -11.516317027
    1.999195325    2.792526803  -61.340042252   13.864405598   -9.371123905
    2.189594880    2.792526803  -61.102378383  -12.055989619   -7.581076271
    2.379994435    2.792526803  -65.971365133  -38.646676458   -6.031007704
    2.570393989    2.792526803  -75.457915091  -59.613025061   -4.492072536
    2.760793544    2.792526803  -88.017099874  -70.352064450   -2.774865676
    2.951193099    2.792526803 -101.463562046  -68.913890317   -0.827446333
