#! FIELDS time phi psi
#! SET min_phi -pi
#! SET max_phi pi
#! SET min_psi -pi
#! SET max_psi pi
 0.000000 1.157159 0.131158
 100.000000 1.094102 -1.094840
 200.000000 0.953832 -0.534466
 300.000000 1.109004 -0.386336
 400.000000 0.897604 -0.814019
 500.000000 1.023496 -0.692736
 600.000000 1.089756 -0.973841
 700.000000 1.235494 -1.069573
 800.000000 1.085660 -1.041056
 900.000000 0.943621 -0.146855
 1000.000000 1.091991 -1.105434
 1100.000000 1.098745 -0.281996
 1200.000000 1.025117 -0.632685
 1300.000000 1.230236 -1.089793
 1400.000000 0.995117 -0.771006
 1500.000000 1.045374 -0.481016
 1600.000000 1.122313 -0.485877
 1700.000000 1.239488 -0.766215
 1800.000000 0.997255 -0.442101
 1900.000000 0.840685 -1.216348
 2000.000000 1.118763 -0.776707
 2100.000000 1.106060 -0.541643
 2200.000000 0.905089 0.068423
 2300.000000 0.894457 -0.660442
 2400.000000 1.286705 -0.899589
 2500.000000 1.102352 -0.510351
 2600.000000 1.190692 -0.978560
 2700.000000 0.911193 -0.302099
 2800.000000 1.045948 -0.418164
 2900.000000 1.058545 -0.676507
 3000.000000 0.830099 -0.917254
 3100.000000 1.084251 -0.254637
 3200.000000 1.197246 -0.918526
 3300.000000 0.950701 -0.388890
 3400.000000 0.859592 -0.081648
 3500.000000 1.099971 -0.448319
 3600.000000 1.127411 -0.549010
 3700.000000 1.111714 -1.022016
 3800.000000 1.209393 -1.242723
 3900.000000 1.275762 -0.753151
 4000.000000 1.015128 -0.592140
 4100.000000 1.057630 -0.379852
 4200.000000 1.040441 -0.329913
 4300.000000 0.825345 -0.720230
 4400.000000 1.150989 -0.517934
 4500.000000 0.888875 0.870905
 4600.000000 1.112123 -1.039492
 4700.000000 1.084638 -0.954972
 4800.000000 0.972601 0.017366
 4900.000000 1.101897 -1.118285
 5000.000000 1.043145 -0.534200
 5100.000000 1.091858 -0.677266
 5200.000000 0.952987 -0.430225
 5300.000000 0.872464 -1.329318
 5400.000000 0.944192 -0.409706
 5500.000000 1.217087 -1.076221
 5600.000000 0.986437 -0.521473
 5700.000000 1.093253 -0.872892
 5800.000000 0.819325 -1.060610
 5900.000000 0.778671 -0.851810
 6000.000000 0.790985 -1.274735
 6100.000000 1.074565 -1.037560
 6200.000000 1.134745 -0.729727
 6300.000000 0.984002 -0.915149
 6400.000000 1.136758 -1.051238
 6500.000000 1.106111 -0.712550
 6600.000000 1.184001 -1.358925
 6700.000000 1.180131 -0.584056
 6800.000000 1.030292 -0.558926
 6900.000000 1.153570 -0.506240
 7000.000000 0.898968 -1.077969
 7100.000000 1.316260 -0.507619
 7200.000000 0.965347 -0.648378
 7300.000000 0.747812 -0.694328
 7400.000000 1.030331 -0.766685
 7500.000000 1.300409 -0.613622
 7600.000000 1.089316 -0.881518
 7700.000000 1.020839 -1.076158
 7800.000000 0.857847 -0.739431
 7900.000000 1.290267 -0.782865
 8000.000000 1.010239 -0.751697
 8100.000000 0.786211 -0.585809
 8200.000000 1.134001 -0.816073
 8300.000000 0.975775 -0.375660
 8400.000000 0.993289 -0.456427
 8500.000000 1.127276 -0.513773
 8600.000000 0.997628 -0.507529
 8700.000000 1.029654 -0.490963
 8800.000000 1.047654 -0.329981
 8900.000000 1.145071 -1.114798
 9000.000000 0.967124 -0.407211
 9100.000000 0.994163 -0.885031
 9200.000000 1.065415 -0.812340
 9300.000000 1.143128 -1.173253
 9400.000000 1.357718 -0.770455
 9500.000000 0.931761 -0.956047
 9600.000000 1.071882 -0.662787
 9700.000000 1.049768 -0.083253
 9800.000000 1.276553 -0.659068
 9900.000000 1.066611 -0.386890
 10000.000000 1.048246 -1.015231
 10100.000000 1.217168 -1.141929
 10200.000000 1.066168 -0.934050
 10300.000000 0.966860 -0.541065
 10400.000000 1.049858 -1.260983
 10500.000000 0.782782 -0.420049
 10600.000000 1.209395 -1.382792
 10700.000000 0.761330 -0.429325
 10800.000000 1.130475 -0.913162
 10900.000000 1.062619 -0.509952
 11000.000000 0.947575 -0.715425
 11100.000000 0.719555 -1.312154
 11200.000000 1.053134 -0.693690
 11300.000000 0.891104 -0.325479
 11400.000000 1.158318 -1.134560
 11500.000000 0.945725 -0.531449
 11600.000000 1.214822 -0.731965
 11700.000000 0.987951 -0.810359
 11800.000000 0.987878 -0.512826
 11900.000000 0.975430 -0.543262
 12000.000000 1.075216 -0.283740
 12100.000000 1.253628 -1.204224
 12200.000000 0.613654 -0.024591
 12300.000000 1.267665 -0.332222
 12400.000000 1.029947 -0.362663
 12500.000000 0.848990 -0.236359
 12600.000000 1.149432 -1.059358
 12700.000000 1.010692 -0.878841
 12800.000000 1.017605 -1.212754
 12900.000000 1.260185 -0.556154
 13000.000000 1.302681 -0.755378
 13100.000000 0.897639 -0.780882
 13200.000000 1.250324 -0.015442
 13300.000000 0.979522 -0.662578
 13400.000000 1.189284 -0.054575
 13500.000000 1.198734 -0.801815
 13600.000000 0.848579 -0.197335
 13700.000000 1.198159 -0.949246
 13800.000000 1.000126 -0.810839
 13900.000000 1.088266 -0.322928
 14000.000000 1.003144 -1.666293
 14100.000000 0.968803 -0.549718
 14200.000000 1.282663 -0.595491
 14300.000000 0.859848 -0.879400
 14400.000000 1.095478 -0.451491
 14500.000000 1.075447 -0.556117
 14600.000000 1.048816 -0.432898
 14700.000000 1.195304 -1.106634
 14800.000000 1.042639 -0.815761
 14900.000000 0.990681 -0.808711
 15000.000000 1.053227 -0.633372
 15100.000000 1.028981 -0.499124
 15200.000000 0.880554 -0.941247
 15300.000000 1.160272 -0.645188
 15400.000000 1.151556 -1.354437
 15500.000000 0.885613 -0.794723
 15600.000000 1.019794 -0.599233
 15700.000000 1.029256 -0.146762
 15800.000000 1.033832 -0.422378
 15900.000000 0.919330 -0.938364
 16000.000000 1.085136 -0.560059
 16100.000000 0.851265 -0.231816
 16200.000000 0.912099 -0.635471
 16300.000000 1.165248 -1.021396
 16400.000000 1.333138 -0.855881
 16500.000000 1.064014 -0.657346
 16600.000000 0.897274 -1.054044
 16700.000000 1.184162 -1.052273
 16800.000000 1.132397 -0.734782
 16900.000000 0.948435 -0.778198
 17000.000000 1.071773 -0.483615
 17100.000000 0.876467 -0.719134
 17200.000000 1.202970 -0.614211
 17300.000000 1.151042 -0.051887
 17400.000000 0.826459 -1.093618
 17500.000000 1.146144 -1.189403
 17600.000000 1.000936 -0.491860
 17700.000000 0.987660 -0.417467
 17800.000000 1.027891 -0.694649
 17900.000000 1.135172 -1.207958
 18000.000000 1.059827 -0.735080
 18100.000000 1.309992 -0.843202
 18200.000000 1.061856 -1.250078
 18300.000000 1.150354 -1.109792
 18400.000000 0.867599 -0.767167
 18500.000000 1.135316 -1.186405
 18600.000000 0.879256 -0.820802
 18700.000000 1.182064 -0.635277
 18800.000000 1.124893 -0.471376
 18900.000000 0.827617 -0.590184
 19000.000000 1.080117 -0.835333
 19100.000000 1.042218 -0.825402
 19200.000000 0.825279 -0.607989
 19300.000000 1.063383 -0.708667
 19400.000000 1.101708 -0.857365
 19500.000000 1.304172 -1.313128
 19600.000000 0.886556 -0.482382
 19700.000000 1.158579 -0.588445
 19800.000000 1.097585 -0.471274
 19900.000000 1.071374 -0.540504
 20000.000000 1.077939 -0.397813
 20100.000000 0.845513 -0.448934
 20200.000000 0.952841 -0.130008
 20300.000000 1.047099 -0.691388
 20400.000000 0.887563 -0.394616
 20500.000000 1.086762 -0.900445
 20600.000000 0.934037 -0.879705
 20700.000000 1.048456 -1.101114
 20800.000000 1.038251 -0.394314
 20900.000000 1.165712 -0.825716
 21000.000000 1.133610 -1.085055
 21100.000000 0.942938 -0.667616
 21200.000000 0.866944 -0.618158
 21300.000000 0.974950 -0.965705
 21400.000000 1.052044 -1.116424
 21500.000000 0.968977 -0.251239
 21600.000000 1.165335 -0.975800
 21700.000000 0.928607 -0.788440
 21800.000000 0.953585 -0.125197
 21900.000000 0.900334 -0.706184
 22000.000000 1.002895 -0.835474
 22100.000000 1.231044 -0.815208
 22200.000000 1.208171 -1.436332
 22300.000000 0.957952 -1.056524
 22400.000000 0.950403 -1.261880
 22500.000000 0.912543 -0.344936
 22600.000000 1.124814 -1.083478
 22700.000000 0.861019 -0.235650
 22800.000000 0.981039 -1.178885
 22900.000000 1.010557 -0.864977
 23000.000000 0.808885 -0.688073
 23100.000000 0.965664 -0.848200
 23200.000000 1.135589 -0.623883
 23300.000000 1.109617 -0.409669
 23400.000000 0.906499 -0.507823
 23500.000000 1.034005 -0.656366
 23600.000000 1.098065 -0.385377
 23700.000000 1.214241 -0.709282
 23800.000000 0.893238 -0.503928
 23900.000000 0.853506 -0.816393
 24000.000000 0.801839 -1.062180
 24100.000000 1.188401 -0.485841
 24200.000000 1.204283 -1.005169
 24300.000000 0.948047 -0.392528
 24400.000000 1.102083 -0.867367
 24500.000000 1.106840 -0.622086
 24600.000000 0.901951 -0.402040
 24700.000000 0.957281 -0.890988
 24800.000000 0.943366 -1.064730
 24900.000000 1.075425 -0.902935
 25000.000000 0.678083 -1.004686
 25100.000000 0.940767 -0.875982
 25200.000000 1.011955 -0.515072
 25300.000000 1.043470 -0.710049
 25400.000000 1.174364 -0.153058
 25500.000000 1.118658 -0.392257
 25600.000000 1.000019 -1.092342
 25700.000000 0.990577 -0.920236
 25800.000000 0.824673 -1.371050
 25900.000000 1.028946 -0.621733
 26000.000000 1.127275 -1.030945
 26100.000000 1.167128 -1.112709
 26200.000000 1.080189 -0.808878
 26300.000000 0.974652 -0.995733
 26400.000000 1.137930 -0.199222
 26500.000000 1.125250 -1.063450
 26600.000000 0.853402 -1.106029
 26700.000000 0.987982 -0.464797
 26800.000000 0.970945 -0.203018
 26900.000000 0.840343 0.054718
 27000.000000 0.974534 -1.035220
 27100.000000 0.717180 -0.365892
 27200.000000 1.046967 -0.725916
 27300.000000 1.046345 -0.193680
 27400.000000 0.880818 -1.621077
 27500.000000 0.792344 -1.569552
 27600.000000 0.855482 -0.501549
 27700.000000 1.073441 -1.130393
 27800.000000 1.141355 -1.277548
 27900.000000 0.769970 -0.749418
 28000.000000 0.956234 -0.621236
 28100.000000 0.800335 -1.152053
 28200.000000 0.993014 -0.290576
 28300.000000 1.096223 -1.429752
 28400.000000 0.864517 -0.664197
 28500.000000 1.091381 -0.871418
 28600.000000 0.977173 -0.492395
 28700.000000 0.876180 -0.451531
 28800.000000 0.930298 -0.347926
 28900.000000 1.173185 -0.201243
 29000.000000 1.053007 -0.447360
 29100.000000 0.824480 -0.663694
 29200.000000 1.187097 -1.152495
 29300.000000 1.060174 -0.827874
 29400.000000 1.168020 -0.756873
 29500.000000 1.114860 -0.120324
 29600.000000 1.113880 -0.666396
 29700.000000 0.999448 -0.537279
 29800.000000 1.135295 -0.673777
 29900.000000 0.870185 -0.190427
 30000.000000 1.098557 -0.399078
 30100.000000 1.163644 -1.079602
 30200.000000 1.234704 -1.005498
 30300.000000 1.107567 0.035938
 30400.000000 1.254985 -0.426440
 30500.000000 0.847396 -0.137416
 30600.000000 0.970230 -0.612623
 30700.000000 0.962026 0.402856
 30800.000000 0.989690 -0.821114
 30900.000000 0.909619 -1.437114
 31000.000000 1.025844 -0.938771
 31100.000000 1.098785 -1.587360
 31200.000000 0.882172 -0.550005
 31300.000000 1.115615 -0.727493
 31400.000000 1.038291 -0.964223
 31500.000000 1.013102 -0.652769
 31600.000000 1.260602 -0.216439
 31700.000000 1.138152 -0.651515
 31800.000000 1.118933 -1.116404
 31900.000000 1.211991 -0.892685
 32000.000000 1.014618 -0.676514
 32100.000000 0.974698 -0.497322
 32200.000000 1.229398 -0.725841
 32300.000000 1.015065 -1.020893
 32400.000000 0.856381 -1.262857
 32500.000000 1.005342 -0.924085
 32600.000000 0.940786 -0.374045
 32700.000000 1.049667 -0.676563
 32800.000000 1.065801 -0.327098
 32900.000000 1.075377 -1.171788
 33000.000000 1.060823 -0.817276
 33100.000000 1.281408 -1.326901
 33200.000000 0.819478 -1.009543
 33300.000000 1.174960 -1.077985
 33400.000000 1.311751 -0.885387
 33500.000000 0.859549 -1.151718
 33600.000000 0.959222 -0.872092
 33700.000000 1.014121 -1.016421
 33800.000000 1.205842 -1.210030
 33900.000000 0.921652 -0.945389
 34000.000000 0.936487 -1.150969
 34100.000000 1.025407 -1.041684
 34200.000000 1.179354 -0.793644
 34300.000000 0.935813 -0.780188
 34400.000000 1.197714 -0.729979
 34500.000000 1.143821 -0.757171
 34600.000000 1.071956 -0.637662
 34700.000000 1.087652 -0.382359
 34800.000000 1.172710 0.092012
 34900.000000 1.159141 -0.528454
 35000.000000 0.981570 -0.942153
 35100.000000 1.104973 -1.023533
 35200.000000 1.113181 -1.139999
 35300.000000 0.993369 -0.923102
 35400.000000 1.082266 -0.866889
 35500.000000 0.948116 -0.200303
 35600.000000 0.936997 -0.228595
 35700.000000 1.036689 -0.847339
 35800.000000 1.064758 -0.345280
 35900.000000 1.256866 -0.462670
 36000.000000 1.014935 -0.440137
 36100.000000 1.196821 -0.912096
 36200.000000 0.993808 -0.363643
 36300.000000 1.033153 -1.214462
 36400.000000 0.969960 -0.580033
 36500.000000 1.282477 -1.019884
 36600.000000 0.741858 -0.547473
 36700.000000 1.091357 -0.913562
 36800.000000 0.947007 -1.221039
 36900.000000 1.171168 -1.184310
 37000.000000 0.963613 -0.172208
 37100.000000 1.013877 -0.277537
 37200.000000 1.178852 -0.766576
 37300.000000 1.277589 -0.823249
 37400.000000 0.936910 -0.801881
 37500.000000 1.137652 -0.871604
 37600.000000 1.146741 -1.102536
 37700.000000 1.237602 -1.225007
 37800.000000 0.908713 -1.218018
 37900.000000 1.223181 -1.234709
 38000.000000 0.886498 -0.207012
 38100.000000 0.923679 -0.574929
 38200.000000 0.905968 -0.957164
 38300.000000 0.759863 -0.543065
 38400.000000 1.035982 -1.583490
 38500.000000 1.013395 -0.299317
 38600.000000 1.059701 -0.675634
 38700.000000 1.050043 -0.676829
 38800.000000 1.037464 -1.196194
 38900.000000 1.074506 -0.447942
 39000.000000 1.061681 -0.658727
 39100.000000 1.022599 -0.738439
 39200.000000 0.875481 -1.965504
 39300.000000 0.797757 -0.411407
 39400.000000 0.883759 -0.362824
 39500.000000 0.825010 -0.358328
 39600.000000 0.989596 -0.681504
 39700.000000 0.917805 -1.142149
 39800.000000 0.867804 -1.010755
 39900.000000 0.969324 -0.865863
 40000.000000 1.022364 -0.872517
 40100.000000 1.203014 -0.254259
 40200.000000 1.042276 -0.622532
 40300.000000 1.057046 -0.817722
 40400.000000 1.036604 -0.736201
 40500.000000 1.018459 -0.601863
 40600.000000 0.915844 -0.894669
 40700.000000 0.973856 -0.872168
 40800.000000 1.124645 -1.272664
 40900.000000 0.671775 -0.989038
 41000.000000 1.239073 -1.413967
 41100.000000 0.986056 -0.642500
 41200.000000 0.988405 -0.932297
 41300.000000 1.086312 -0.635114
 41400.000000 0.773736 -0.633243
 41500.000000 1.083178 -0.759914
 41600.000000 1.249068 -0.159999
 41700.000000 0.879978 -1.535538
 41800.000000 1.187093 -0.130146
 41900.000000 1.083452 -0.031441
 42000.000000 0.936972 -1.100377
 42100.000000 0.897438 -1.337482
 42200.000000 0.960935 -0.978374
 42300.000000 1.212756 -0.551381
 42400.000000 1.294304 -0.914940
 42500.000000 0.888257 -0.103429
 42600.000000 1.180567 -1.094913
 42700.000000 0.999027 -0.755834
 42800.000000 0.907629 -0.987990
 42900.000000 1.174002 -0.785067
 43000.000000 0.723206 -0.751953
 43100.000000 0.838301 -0.270902
 43200.000000 1.175522 -0.917301
 43300.000000 1.098580 -0.810226
 43400.000000 1.059125 -1.176451
 43500.000000 0.867104 -0.563543
 43600.000000 1.155819 -1.219628
 43700.000000 0.988776 -0.998298
 43800.000000 0.984036 -1.101601
 43900.000000 1.006684 -0.781133
 44000.000000 1.036927 -0.595660
 44100.000000 1.084691 -1.107213
 44200.000000 1.103562 -0.951796
 44300.000000 1.087634 -0.616198
 44400.000000 1.145783 -0.781643
 44500.000000 1.108519 -1.449979
 44600.000000 1.060748 -0.745341
 44700.000000 1.085420 -0.943916
 44800.000000 1.168820 -0.822700
 44900.000000 1.059973 -0.288550
 45000.000000 1.071370 -1.513566
 45100.000000 0.931126 -0.761250
 45200.000000 0.994689 -0.664584
 45300.000000 1.069718 -0.259297
 45400.000000 0.846363 -1.383245
 45500.000000 0.950476 -0.176730
 45600.000000 1.203005 -0.124124
 45700.000000 1.197888 -0.754187
 45800.000000 1.017225 -0.466241
 45900.000000 0.982809 -0.730713
 46000.000000 1.014287 -0.852610
 46100.000000 1.035243 -0.753102
 46200.000000 0.990334 -1.235341
 46300.000000 0.968075 -0.540721
 46400.000000 0.860971 -0.812907
 46500.000000 1.015347 -0.475909
 46600.000000 1.021716 -0.782432
 46700.000000 1.043213 -0.588291
 46800.000000 1.272572 -1.399801
 46900.000000 0.934377 -1.036383
 47000.000000 1.293319 -0.746042
 47100.000000 1.089603 -0.942882
 47200.000000 1.124871 -0.406143
 47300.000000 0.923856 -0.706379
 47400.000000 1.049628 -0.679851
 47500.000000 1.076247 -0.444563
 47600.000000 1.174556 -1.024927
 47700.000000 0.916716 -0.237086
 47800.000000 1.145464 -0.936295
 47900.000000 1.152783 -0.949413
 48000.000000 1.204479 -0.545471
 48100.000000 0.929680 -0.994192
 48200.000000 1.176307 -0.985901
 48300.000000 0.920425 -0.418688
 48400.000000 0.784181 -0.972647
 48500.000000 0.936320 -0.707302
 48600.000000 1.106424 -0.323620
 48700.000000 0.937603 -1.037815
 48800.000000 1.073944 -0.620760
 48900.000000 1.186180 0.110746
 49000.000000 1.083665 -0.212668
 49100.000000 0.945168 -0.921305
 49200.000000 0.877539 -0.537445
 49300.000000 1.075121 -0.545044
 49400.000000 0.995715 -0.766584
 49500.000000 1.177024 -0.771210
 49600.000000 1.049183 -0.944140
 49700.000000 1.105132 -0.814129
 49800.000000 1.117208 -1.182016
 49900.000000 1.163939 -0.795091
 50000.000000 1.158879 -0.947905
 50100.000000 1.154039 -1.005093
 50200.000000 1.137551 -0.760928
 50300.000000 1.250983 -0.926462
 50400.000000 0.956628 -0.352254
 50500.000000 1.168575 -0.501652
 50600.000000 0.973867 -0.401354
 50700.000000 1.107013 -1.206521
 50800.000000 0.813810 -0.258734
 50900.000000 1.215431 -0.765873
 51000.000000 0.593056 -0.966217
 51100.000000 0.807918 -1.097439
 51200.000000 1.156876 -0.641763
 51300.000000 1.112092 -1.045442
 51400.000000 1.096484 -0.770267
 51500.000000 1.115566 -0.995052
 51600.000000 1.068026 -0.670285
 51700.000000 1.066023 -0.972871
 51800.000000 0.693561 -0.916417
 51900.000000 1.063979 -0.372063
 52000.000000 0.853016 -0.774702
 52100.000000 0.978532 -0.607609
 52200.000000 0.944180 -0.569744
 52300.000000 1.100585 -1.229116
 52400.000000 1.042419 -1.718537
 52500.000000 1.143582 -1.197217
 52600.000000 1.007233 -0.732179
 52700.000000 0.927582 -0.896989
 52800.000000 1.073387 -1.151888
 52900.000000 0.737211 -0.800946
 53000.000000 1.244167 -0.611699
 53100.000000 0.962466 -0.877354
 53200.000000 0.922104 -0.079858
 53300.000000 0.991877 -0.846171
 53400.000000 1.063309 -0.947685
 53500.000000 1.044772 -0.830249
 53600.000000 1.395478 -0.472305
 53700.000000 1.137391 -1.108950
 53800.000000 0.977875 -0.316243
 53900.000000 1.201928 -0.564046
 54000.000000 1.183461 -1.212482
 54100.000000 1.063375 -0.992837
 54200.000000 1.107549 -0.576561
 54300.000000 1.178971 -1.129382
 54400.000000 1.168133 -0.772116
 54500.000000 1.024836 -0.890320
 54600.000000 0.882471 -0.350970
 54700.000000 0.857077 -0.049391
 54800.000000 0.756933 -1.197173
 54900.000000 1.304601 -1.011635
 55000.000000 1.236350 -0.719296
 55100.000000 0.796601 -1.389104
 55200.000000 0.865297 -0.544705
 55300.000000 1.183622 -1.090870
 55400.000000 1.239953 -0.865817
 55500.000000 0.991191 -0.918391
 55600.000000 1.078260 -0.110588
 55700.000000 1.032464 -0.411900
 55800.000000 1.170531 -0.989575
 55900.000000 1.130600 -1.057896
 56000.000000 0.909979 -1.159635
 56100.000000 1.031502 -0.401503
 56200.000000 0.812546 -0.808683
 56300.000000 1.001912 -0.739047
 56400.000000 0.951956 -1.150118
 56500.000000 1.093837 -0.703905
 56600.000000 0.633892 -0.614897
 56700.000000 1.172881 -0.669965
 56800.000000 0.934425 -0.576173
 56900.000000 1.188023 -0.527421
 57000.000000 0.948531 -0.409752
 57100.000000 0.992396 -0.764848
 57200.000000 1.338481 -0.720709
 57300.000000 1.189195 -0.704635
 57400.000000 1.220413 -1.017431
 57500.000000 1.167134 -0.502572
 57600.000000 1.163364 -1.250698
 57700.000000 1.006926 -0.392156
 57800.000000 0.987404 -1.026031
 57900.000000 1.006068 -0.645686
 58000.000000 1.115471 -0.359022
 58100.000000 1.103489 -1.049877
 58200.000000 1.013087 -0.589452
 58300.000000 0.946101 -0.466445
 58400.000000 0.940448 -1.456534
 58500.000000 1.222901 -0.648298
 58600.000000 0.972336 -0.224480
 58700.000000 0.948456 -0.699899
 58800.000000 0.803217 -0.875841
 58900.000000 0.820160 -0.664146
 59000.000000 1.089588 -0.157300
 59100.000000 0.759005 0.436153
 59200.000000 0.909419 -0.760248
 59300.000000 1.063603 -0.801931
 59400.000000 1.095131 -0.899511
 59500.000000 1.113257 -0.837395
 59600.000000 1.188553 -1.069609
 59700.000000 1.081696 -0.640823
 59800.000000 1.055011 -0.268843
 59900.000000 0.902106 -1.149505
 60000.000000 1.045358 -1.323882
 60100.000000 1.059999 -0.764392
 60200.000000 1.011853 -1.192681
 60300.000000 0.887577 -0.924455
 60400.000000 1.109698 -0.469860
 60500.000000 1.094566 -0.930737
 60600.000000 0.958108 -0.604333
 60700.000000 1.065470 -0.967864
 60800.000000 0.880029 -1.228971
 60900.000000 1.218223 -0.775400
 61000.000000 1.108906 -0.954930
 61100.000000 1.073616 -0.833140
 61200.000000 1.144668 -0.411365
 61300.000000 0.978694 -0.282341
 61400.000000 1.124873 -1.041191
 61500.000000 0.954537 -0.549848
 61600.000000 1.200884 -0.465138
 61700.000000 1.000759 -0.801335
 61800.000000 0.966968 -0.307225
 61900.000000 1.308070 -0.960827
 62000.000000 0.966587 -1.053705
 62100.000000 0.961644 -0.620111
 62200.000000 0.973956 -0.909835
 62300.000000 1.055450 -0.496385
 62400.000000 0.955997 -0.960001
 62500.000000 1.241534 -0.785109
 62600.000000 1.128986 -1.247841
 62700.000000 0.909148 -1.472309
 62800.000000 1.110177 -0.759144
 62900.000000 1.125783 -0.959443
 63000.000000 0.945571 -0.775371
 63100.000000 1.061272 -1.018823
 63200.000000 0.917728 -1.113976
 63300.000000 1.087988 -0.677631
 63400.000000 0.830315 -1.316524
 63500.000000 1.026646 -0.788820
 63600.000000 1.168459 -0.896289
 63700.000000 1.147251 -0.936454
 63800.000000 1.177377 -0.460997
 63900.000000 1.208339 -1.099427
 64000.000000 0.992553 -0.863631
 64100.000000 1.120056 -0.459230
 64200.000000 1.045584 -0.481058
 64300.000000 0.861621 -0.460866
 64400.000000 0.962047 -0.202717
 64500.000000 0.905979 -0.453769
 64600.000000 0.990578 -0.479321
 64700.000000 1.192342 -0.802035
 64800.000000 1.014823 -0.867186
 64900.000000 0.969524 -1.169670
 65000.000000 1.067408 -0.723187
 65100.000000 0.912977 -0.887646
 65200.000000 1.181572 -0.453747
 65300.000000 1.334023 -1.551090
 65400.000000 1.231531 -0.338041
 65500.000000 1.098417 -1.248809
 65600.000000 0.925167 -1.121912
 65700.000000 0.956838 -0.528954
 65800.000000 1.221271 -1.273700
 65900.000000 1.049389 -0.682562
 66000.000000 1.099154 -0.321765
 66100.000000 1.195843 -0.814594
 66200.000000 0.873589 -0.601946
 66300.000000 1.037551 -0.788251
 66400.000000 1.124025 -0.801953
 66500.000000 1.169048 -1.213845
 66600.000000 1.233821 -0.981417
 66700.000000 0.837322 -1.048240
 66800.000000 1.231044 -1.167543
 66900.000000 1.036410 -0.464711
 67000.000000 0.889682 -1.059114
 67100.000000 0.943784 -0.881165
 67200.000000 0.708954 -0.844080
 67300.000000 0.927563 -0.775381
 67400.000000 0.847080 -0.930431
 67500.000000 1.153710 -0.767631
 67600.000000 1.209824 -0.713643
 67700.000000 0.895201 -0.111592
 67800.000000 0.939624 -1.043725
 67900.000000 0.933447 -0.389051
 68000.000000 1.076700 -0.680323
 68100.000000 1.036835 -0.282899
 68200.000000 1.368349 -1.025099
 68300.000000 1.022441 -1.049783
 68400.000000 0.816759 -0.048664
 68500.000000 1.124946 -0.856932
 68600.000000 1.073130 -1.003548
 68700.000000 1.107496 -0.837110
 68800.000000 1.007678 -0.095279
 68900.000000 1.023369 0.074896
 69000.000000 1.293406 -0.836492
 69100.000000 1.121347 -0.992837
 69200.000000 1.157632 -0.855955
 69300.000000 0.906390 -0.490692
 69400.000000 1.124727 -0.630865
 69500.000000 0.847276 -0.614780
 69600.000000 0.813898 -1.125956
 69700.000000 1.177086 -0.620301
 69800.000000 1.058608 -0.311303
 69900.000000 0.815011 -0.288358
 70000.000000 1.053634 -0.468251
 70100.000000 1.187241 -0.909430
 70200.000000 1.035504 -1.219864
 70300.000000 1.263917 -0.371736
 70400.000000 0.969607 -0.989186
 70500.000000 1.077529 -1.138173
 70600.000000 1.034386 -0.763125
 70700.000000 1.203789 -0.665271
 70800.000000 1.134485 -0.381502
 70900.000000 1.194258 -0.785561
 71000.000000 1.046729 -0.631528
 71100.000000 0.703983 -0.219092
 71200.000000 0.979033 -0.316723
 71300.000000 0.933486 -0.620001
 71400.000000 1.100720 -0.428608
 71500.000000 0.996732 -0.780557
 71600.000000 1.106913 -0.904277
 71700.000000 1.035707 -0.521603
 71800.000000 0.945574 -0.909476
 71900.000000 1.149000 -1.020109
 72000.000000 1.085021 -0.944381
 72100.000000 0.987657 -0.382824
 72200.000000 1.009807 -1.216683
 72300.000000 1.038266 -0.510672
 72400.000000 0.880101 -0.161566
 72500.000000 1.122387 -0.583510
 72600.000000 1.060605 -1.215154
 72700.000000 0.861552 -0.389167
 72800.000000 0.837710 -0.396340
 72900.000000 0.926399 -1.292529
 73000.000000 1.047694 -0.570203
 73100.000000 1.004694 -0.062886
 73200.000000 0.837950 -0.034733
 73300.000000 1.128761 -0.873380
 73400.000000 1.008033 -1.337758
 73500.000000 0.735333 -1.159620
 73600.000000 1.110056 0.079772
 73700.000000 0.974960 -0.173283
 73800.000000 1.141833 -1.100971
 73900.000000 1.224381 -0.505465
 74000.000000 1.207572 -0.926287
 74100.000000 1.024311 -0.475146
 74200.000000 1.024285 -1.066424
 74300.000000 0.805243 -0.800775
 74400.000000 1.056758 -0.595317
 74500.000000 0.882940 -0.524337
 74600.000000 0.804944 -1.100405
 74700.000000 0.980575 -0.417242
 74800.000000 0.929653 -0.829236
 74900.000000 0.983614 -0.891050
 75000.000000 1.068065 -0.729082
 75100.000000 0.874778 -0.855398
 75200.000000 1.394392 -0.952487
 75300.000000 1.069283 -1.198179
 75400.000000 0.833013 -0.715481
 75500.000000 1.144834 -0.979983
 75600.000000 1.081487 -0.206952
 75700.000000 1.069078 -0.719419
 75800.000000 1.308126 -0.899388
 75900.000000 1.248065 -0.212637
 76000.000000 0.765368 -0.496892
 76100.000000 1.041491 -0.814448
 76200.000000 1.173090 -0.283395
 76300.000000 1.111412 -0.917809
 76400.000000 1.280828 -0.832736
 76500.000000 1.015976 -0.504242
 76600.000000 1.119905 -0.441022
 76700.000000 1.093049 -0.931828
 76800.000000 0.838402 -0.619328
 76900.000000 0.856348 -0.683563
 77000.000000 1.118563 -0.986779
 77100.000000 0.869949 -0.762269
 77200.000000 1.047265 -0.389188
 77300.000000 0.976936 -0.687258
 77400.000000 1.157260 -0.763750
 77500.000000 1.170283 -1.202545
 77600.000000 1.072913 -0.722294
 77700.000000 0.939491 -0.634123
 77800.000000 1.114988 -0.488783
 77900.000000 0.877329 -0.733631
 78000.000000 1.176885 -0.925150
 78100.000000 1.353270 -0.753825
 78200.000000 1.188662 -0.850787
 78300.000000 0.794080 -0.329106
 78400.000000 0.858122 -0.262043
 78500.000000 1.121119 -1.197119
 78600.000000 1.170071 -0.457918
 78700.000000 0.910590 -0.110919
 78800.000000 0.993109 -0.465401
 78900.000000 1.037201 -0.917956
 79000.000000 1.125548 -0.906431
 79100.000000 1.142919 -0.816331
 79200.000000 1.296843 -0.044353
 79300.000000 1.025426 -0.878381
 79400.000000 1.114226 -0.776398
 79500.000000 1.155251 -1.067600
 79600.000000 1.022493 -1.587847
 79700.000000 1.098860 -0.740580
 79800.000000 1.090780 -0.904793
 79900.000000 0.934655 -0.442515
 80000.000000 1.081737 -1.312768
 80100.000000 0.956739 -0.499484
 80200.000000 1.061891 -1.072348
 80300.000000 1.040476 -1.005813
 80400.000000 1.126153 -0.630744
 80500.000000 1.188112 -1.108489
 80600.000000 1.173603 -0.443581
 80700.000000 1.164208 -0.581007
 80800.000000 0.894798 -0.637116
 80900.000000 1.083631 -0.856713
 81000.000000 0.890408 -0.569311
 81100.000000 1.070029 -1.128053
 81200.000000 1.043230 -1.009092
 81300.000000 1.054949 -0.191076
 81400.000000 0.938450 -0.956762
 81500.000000 1.073768 -0.725964
 81600.000000 1.233025 -1.103734
 81700.000000 0.910544 -0.123896
 81800.000000 1.092222 -1.187693
 81900.000000 1.080919 -1.075070
 82000.000000 1.100095 -0.368862
 82100.000000 1.125605 -0.249010
 82200.000000 0.863969 0.029556
 82300.000000 1.070159 -0.856719
 82400.000000 0.935399 -0.433454
 82500.000000 1.127595 -1.127549
 82600.000000 0.984304 -0.542121
 82700.000000 0.980311 -0.608060
 82800.000000 0.823363 -1.439693
 82900.000000 0.940429 0.059198
 83000.000000 1.136448 -0.603296
 83100.000000 0.984944 -0.340456
 83200.000000 1.046228 -0.346661
 83300.000000 0.991082 -0.541884
 83400.000000 0.968372 -1.142546
 83500.000000 0.786694 -0.535138
 83600.000000 1.090427 -0.109305
 83700.000000 0.982364 -0.431183
 83800.000000 1.049508 -0.803852
 83900.000000 1.104704 -1.248358
 84000.000000 1.182200 -0.761068
 84100.000000 0.955673 -0.804691
 84200.000000 0.854920 -0.783624
 84300.000000 1.129451 -0.534529
 84400.000000 1.117180 -0.915718
 84500.000000 1.063895 -0.941648
 84600.000000 1.167757 -0.835107
 84700.000000 0.946549 -1.103868
 84800.000000 1.117295 -1.294000
 84900.000000 0.883801 -1.212793
 85000.000000 0.981701 -0.709324
 85100.000000 1.167985 -0.510232
 85200.000000 1.220672 -1.104365
 85300.000000 1.086242 -0.391316
 85400.000000 1.082430 -0.772076
 85500.000000 1.070724 -0.826380
 85600.000000 1.153655 -0.671784
 85700.000000 1.283106 -0.989350
 85800.000000 0.829654 -2.199327
 85900.000000 0.733856 -0.300911
 86000.000000 1.079373 -0.816026
 86100.000000 0.971586 -0.721668
 86200.000000 0.833097 -0.668144
 86300.000000 1.015483 -0.824361
 86400.000000 1.115876 -0.594808
 86500.000000 1.119984 -1.179717
 86600.000000 0.928950 -0.707112
 86700.000000 1.182182 -0.457881
 86800.000000 1.082506 -0.506241
 86900.000000 1.115552 -0.808918
 87000.000000 0.916168 -0.374822
 87100.000000 1.231108 -0.930819
 87200.000000 1.147100 -0.318283
 87300.000000 1.026372 -0.725749
 87400.000000 1.082166 -0.198255
 87500.000000 0.945507 -1.031865
 87600.000000 0.991276 -0.914868
 87700.000000 1.030632 -1.151836
 87800.000000 1.157855 -0.952965
 87900.000000 1.079750 -1.306218
 88000.000000 0.801805 -0.147540
 88100.000000 1.133762 -0.810058
 88200.000000 1.001025 -0.741666
 88300.000000 1.075843 -0.113393
 88400.000000 1.090546 -1.283078
 88500.000000 1.018702 -0.368952
 88600.000000 0.906950 -0.641511
 88700.000000 1.133239 -1.295437
 88800.000000 1.071395 -0.288257
 88900.000000 0.959884 -0.681234
 89000.000000 0.862340 -0.438639
 89100.000000 1.110872 -1.115862
 89200.000000 1.152820 -1.237446
 89300.000000 1.320655 -0.959671
 89400.000000 1.196172 -0.837324
 89500.000000 1.107401 -0.547651
 89600.000000 1.194043 -1.223497
 89700.000000 0.883195 -0.228345
 89800.000000 1.059366 -0.453123
 89900.000000 0.958130 -0.513597
 90000.000000 1.020900 -0.598654
 90100.000000 1.048017 -0.403073
 90200.000000 1.113789 -0.693706
 90300.000000 1.011849 -1.268064
 90400.000000 0.989863 -0.433187
 90500.000000 1.204823 -0.855673
 90600.000000 1.123480 -0.305994
 90700.000000 1.346945 -0.911701
 90800.000000 1.124275 -0.839564
 90900.000000 1.129083 -0.482063
 91000.000000 1.139055 -0.730910
 91100.000000 1.000617 -1.129502
 91200.000000 0.906182 -0.533369
 91300.000000 1.087384 -1.061363
 91400.000000 1.210399 -1.092973
 91500.000000 1.007240 0.228524
 91600.000000 1.145522 0.024371
 91700.000000 1.100590 -1.000269
 91800.000000 0.804927 -0.800130
 91900.000000 1.143400 -0.509104
 92000.000000 1.087283 -0.887252
 92100.000000 1.208164 -0.985903
 92200.000000 1.132726 -1.113708
 92300.000000 0.783577 -0.844198
 92400.000000 1.072223 -0.484494
 92500.000000 1.116763 -0.492497
 92600.000000 0.886033 -0.143519
 92700.000000 1.199702 -1.205113
 92800.000000 1.296011 -0.643379
 92900.000000 1.053997 -1.198038
 93000.000000 1.083355 -0.685810
 93100.000000 1.014289 -1.318504
 93200.000000 1.088548 -0.922070
 93300.000000 1.013351 -0.275572
 93400.000000 0.809159 -0.164870
 93500.000000 0.870693 -0.937912
 93600.000000 0.913223 -0.090966
 93700.000000 1.102388 -1.251864
 93800.000000 1.186557 -0.817310
 93900.000000 0.992403 -0.410067
 94000.000000 0.980267 -0.972271
 94100.000000 1.107211 -0.513343
 94200.000000 1.015300 -0.438155
 94300.000000 1.093475 -0.871499
 94400.000000 0.947013 -1.499124
 94500.000000 1.064400 -1.138351
 94600.000000 1.065122 -0.631456
 94700.000000 0.994482 -0.576897
 94800.000000 0.915804 -0.302458
 94900.000000 1.009358 -0.731715
 95000.000000 0.862800 -0.060934
 95100.000000 1.333282 -0.558846
 95200.000000 0.977376 -0.993065
 95300.000000 1.016007 -0.658056
 95400.000000 1.112289 -0.590826
 95500.000000 0.894136 -1.229890
 95600.000000 1.017887 -0.678321
 95700.000000 1.021875 -1.157620
 95800.000000 1.040568 -0.501483
 95900.000000 1.033200 -0.889543
 96000.000000 1.063145 -0.969479
 96100.000000 0.979824 -1.202920
 96200.000000 1.087292 -0.572176
 96300.000000 1.255904 -0.667472
 96400.000000 1.131776 -0.636635
 96500.000000 0.767257 -0.246086
 96600.000000 0.943835 -0.880228
 96700.000000 1.063747 -0.623328
 96800.000000 1.175983 -0.495454
 96900.000000 0.898428 -1.472245
 97000.000000 1.132273 -0.903833
 97100.000000 0.969089 -0.856608
 97200.000000 1.117640 -1.000483
 97300.000000 0.947724 -0.751913
 97400.000000 0.878499 -0.580929
 97500.000000 1.054662 -0.610947
 97600.000000 1.097413 -1.069632
 97700.000000 0.909281 -0.883259
 97800.000000 0.976073 -1.331216
 97900.000000 1.095391 -0.652014
 98000.000000 1.106675 -0.937683
 98100.000000 1.010861 -0.917204
 98200.000000 1.058606 -0.779556
 98300.000000 1.179758 -0.354513
 98400.000000 1.037844 -1.047350
 98500.000000 1.113179 -0.788494
 98600.000000 0.975475 -0.712476
 98700.000000 1.043541 -0.708257
 98800.000000 1.120938 -0.552317
 98900.000000 1.259396 -1.276380
 99000.000000 1.055216 -0.343314
 99100.000000 1.179899 -1.115673
 99200.000000 1.068969 -1.006995
 99300.000000 1.090403 -0.661199
 99400.000000 1.041813 -1.025512
 99500.000000 1.188760 -1.045655
 99600.000000 1.181424 -1.470601
 99700.000000 0.893180 -0.139005
 99800.000000 1.073774 -0.309020
 99900.000000 1.190976 -0.715983
 100000.000000 1.294967 -1.379884
